5с 1.1 - 121 118 100 123
5с 1.2 - 105 90 113 130
5с 1.3 - 87 102 101 93
5с 1.4 - 89 117 107 90
5с 2.1 - 108 120 113 108
5с 2.2 - 92 114 136 118
5с 2.3 - 112 92 92 107
5с 2.4 - 150 157 149 128
5с 3.1 - 95 106 131 85
5с 3.2 - 101 87 92 93
5с 3.3 - 100 114 132 95
5с 3.4 - 96 100 114 145
10с 1.1 - 164 160 136 151
10с 1.2 - 158 106 139 138
10с 1.3 - 106 107 151 132
10с 1.4 - 171 176 101 131
10с 2.1 - 135 132 137 133
10с 2.2 - 133 144 163 142
10с 2.3 - 130 144 86 154
10с 2.4 - 132 128 123 129
10с 3.1 - 155 140 130 130
10с 3.2 - 147 120 70 108
10с 3.3 - 127 104 94 71
10с 3.4 - 153 127 118 115
25с 1.1 - 172 154 142 153
25с 1.2 - 147 133 96 138
25с 1.3 - 130 125 142 133
25с 1.4 - 148 133 116 121
25с 2.1 - 176 153 162 175
25с 2.2 - 174 155 128 148
25с 2.3 - 120 138 152 124
25с 2.4 - 162 134 125 149
25с 3.1 - 134 153 126 147
25с 3.2 - 135 132 131 148
25с 3.3 - 127 123 118 139
25с 3.4 - 186 174 147 144